5602405330027442928|2011-05-03 08:33:59|2011-05-03 08:42:28|509|0|0|0|0|0|8|296|0|0|0|0
5602407627834420024|2011-05-03 08:42:54|2011-05-03 08:42:54|0|17|2886748673|138|2886748927|138|2|451|0|0|0|0
5602407365841468056|2011-05-03 08:41:53|2011-05-03 08:41:53|0|17|2886748800|51468|2886748673|53|2|82|0|0|0|0
5602407387316311780|2011-05-03 08:41:58|2011-05-03 08:41:58|0|17|2886748800|53283|2886748673|53|1|41|0|0|0|0
5602407408791155126|2011-05-03 08:42:03|2011-05-03 08:42:03|0|17|2886748800|35784|2886748673|53|1|41|0|0|0|0
5602407430265998336|2011-05-03 08:42:08|2011-05-03 08:42:08|0|17|2886748800|51502|2886748673|53|1|41|0|0|0|0
5602407451740840912|2011-05-03 08:42:13|2011-05-03 08:42:13|0|17|2886748800|48743|2886748673|53|1|53|0|0|0|0
5602407473215683125|2011-05-03 08:42:18|2011-05-03 08:42:18|0|17|2886748800|36165|2886748673|53|1|53|0|0|0|0
5602407494690525283|2011-05-03 08:42:23|2011-05-03 08:42:23|0|17|2886748800|57831|2886748673|53|1|53|0|0|0|0
5602407516165367483|2011-05-03 08:42:28|2011-05-03 08:42:28|0|17|2886748800|54045|2886748673|53|1|53|0|0|0|0
5602407537640210726|2011-05-03 08:42:33|2011-05-03 08:42:33|0|17|2886748800|36512|2886748673|53|1|38|0|0|0|0
5602407365841468389|2011-05-03 08:41:53|2011-05-03 08:42:33|40|1|2886748673|0|2886748800|0|10|735|0|0|0|0
